9 0.315214 0.218253 0.024381 0.040384
6 0.861144 0.183132 0.028035 0.039432
6 0.542025 0.185072 0.128409 0.107013
6 0.113752 0.169089 0.128526 0.086118
6 0.012699 0.202826 0.023685 0.043366
0 0.729796 0.210901 0.013510 0.065823
0 0.697982 0.209625 0.013289 0.072637
0 0.230475 0.185740 0.012656 0.049386
5 0.247506 0.202236 0.022165 0.047089
0 0.254133 0.190818 0.016987 0.058758
5 0.292342 0.213852 0.019528 0.054150
0 0.668105 0.217741 0.014828 0.060562
5 0.489696 0.219428 0.023318 0.064572
0 0.718467 0.203178 0.016763 0.084452
0 0.068494 0.186738 0.012628 0.046325
0 0.896763 0.158411 0.031237 0.102435
0 0.917448 0.190901 0.017859 0.053885
0 0.876746 0.186314 0.015364 0.047543
0 0.963125 0.161986 0.026166 0.132622
0 0.764141 0.204028 0.017356 0.073875
0 0.347972 0.204763 0.012733 0.069297
0 0.154169 0.178626 0.025590 0.063762
0 0.080865 0.184986 0.016487 0.049496
0 0.276577 0.217698 0.033752 0.076900
5 0.578011 0.220324 0.026056 0.064767
0 0.040485 0.188014 0.023863 0.076151
0 0.026009 0.188809 0.012722 0.069568
0 0.556338 0.200861 0.023032 0.104316
5 0.456862 0.211313 0.020644 0.072054