5 0.777799 0.170517 0.024258 0.048271
0 0.980519 0.107648 0.014020 0.053437
0 0.013229 0.320651 0.012985 0.036063
0 0.484344 0.228191 0.016945 0.066516
0 0.160747 0.293250 0.010929 0.043612
5 0.322923 0.269711 0.018588 0.055376
0 0.763434 0.175093 0.008536 0.044750
4 0.060533 0.264765 0.013979 0.023925
0 0.512935 0.209498 0.018313 0.104176
0 0.151716 0.296766 0.012007 0.054350
0 0.453508 0.227904 0.015246 0.041336
0 0.273224 0.300322 0.036644 0.143373
0 0.702728 0.152251 0.023904 0.138430
0 0.435859 0.229221 0.020981 0.046276
0 0.803324 0.129336 0.019347 0.112581
0 0.250127 0.298932 0.024855 0.137773
6 0.065225 0.314584 0.038580 0.042524
5 0.093196 0.291950 0.018904 0.058985
5 0.299021 0.260743 0.023148 0.056927
5 0.604191 0.209988 0.027778 0.069273
5 0.664955 0.200729 0.023534 0.054870
6 0.365572 0.235366 0.061343 0.061043
0 0.184245 0.266916 0.014275 0.061043
0 0.746727 0.178934 0.017361 0.042387