9 0.415051 0.287270 0.020123 0.035593
4 0.137827 0.300544 0.013556 0.024217
4 0.159353 0.280964 0.013369 0.034316
0 0.976279 0.082617 0.010565 0.038978
6 0.194009 0.332998 0.019826 0.022392
0 0.151905 0.335122 0.011275 0.025209
0 0.224792 0.326173 0.015137 0.053781
0 0.510573 0.240757 0.018257 0.081745
6 0.097666 0.362302 0.024510 0.023250
6 0.173244 0.337030 0.031127 0.020046
0 0.666695 0.186591 0.020023 0.103768
0 0.818461 0.146770 0.020154 0.084826
0 0.796493 0.157123 0.011786 0.077311
0 0.765757 0.176526 0.016995 0.059718
5 0.023336 0.370700 0.036012 0.042014
0 0.832542 0.146483 0.014845 0.071231
0 0.862889 0.134196 0.020693 0.073639
0 0.636316 0.198813 0.018975 0.103344
0 0.654895 0.190632 0.023125 0.106219
0 0.138611 0.349614 0.011914 0.039192
0 0.622663 0.202113 0.025487 0.105566
0 0.782916 0.154933 0.019625 0.093879
0 0.496786 0.242438 0.021083 0.094445
0 0.985226 0.076396 0.018266 0.048550
0 0.540387 0.228350 0.028575 0.091641
0 0.261993 0.289398 0.025364 0.060173
0 0.589537 0.214899 0.022379 0.100128
0 0.376968 0.290310 0.031471 0.075064
6 0.550805 0.211300 0.149145 0.144719
6 0.292430 0.271657 0.119599 0.114540
5 0.347986 0.287432 0.016975 0.041838
5 0.390038 0.283659 0.021605 0.061728