5 0.369293 0.599722 0.022397 0.044947
5 0.336742 0.573700 0.023334 0.048194
5 0.275164 0.521890 0.024657 0.052194
0 0.731826 0.907622 0.025758 0.085847
0 0.676791 0.952479 0.110864 0.093611
0 0.075835 0.287077 0.033108 0.096202
0 0.718984 0.888799 0.026293 0.062112
0 0.053899 0.259426 0.041865 0.115733
4 0.539753 0.279665 0.141722 0.406195
5 0.314239 0.551657 0.015336 0.046701
5 0.301635 0.545313 0.018373 0.038873
5 0.409219 0.633047 0.011237 0.034554
5 0.426985 0.647894 0.028851 0.038873
5 0.443384 0.664361 0.020044 0.035093
5 0.481703 0.689024 0.025766 0.049077
6 0.439097 0.633894 0.011595 0.014069