9 0.601996 0.954690 0.042401 0.085965
9 0.231303 0.978459 0.060740 0.041529
4 0.458766 0.388057 0.132143 0.588440
6 0.190795 0.891338 0.010068 0.028428
5 0.152129 0.890725 0.035823 0.046294
5 0.076612 0.886635 0.027410 0.044862
0 0.010628 0.883194 0.020856 0.099608
0 0.625543 0.921572 0.023745 0.147713
0 0.610473 0.934207 0.024727 0.127047
0 0.110579 0.869069 0.012434 0.039860
0 0.661269 0.898411 0.023818 0.091877
0 0.662953 0.954265 0.027702 0.089049
0 0.251059 0.905911 0.026632 0.122547
0 0.304774 0.925063 0.025889 0.142426
0 0.418423 0.928713 0.029148 0.140209
0 0.321863 0.922354 0.029565 0.152457
0 0.709197 0.896933 0.032289 0.082723
0 0.046834 0.933226 0.032582 0.131490
5 0.179007 0.893034 0.010570 0.035131
5 0.228257 0.895485 0.009498 0.032952
5 0.210181 0.889085 0.018076 0.039216
0 0.211289 0.885145 0.012322 0.029584
6 0.233460 0.890022 0.006907 0.008454
5 0.032564 0.880062 0.023024 0.060185
5 0.128285 0.889955 0.011572 0.047325