3 0.522310 0.488238 0.052564 0.129013
3 0.425738 0.492004 0.052011 0.125149
3 0.740556 0.823675 0.296083 0.232294
0 0.067516 0.518470 0.071661 0.278800
4 0.708927 0.267194 0.092786 0.471051
0 0.174535 0.402674 0.043370 0.072703
0 0.650194 0.411669 0.030165 0.183067
0 0.805461 0.384248 0.015457 0.093011
0 0.425650 0.444007 0.052053 0.178643
0 0.605141 0.364030 0.031016 0.119660
0 0.777109 0.389234 0.022458 0.085742
0 0.247291 0.468943 0.081657 0.218670
0 0.682209 0.604977 0.147234 0.460726
0 0.025103 0.514980 0.050126 0.269944
0 0.589303 0.599905 0.136690 0.386167
3 0.196256 0.653516 0.105072 0.156736
3 0.275362 0.555824 0.050725 0.107354