5 0.811163 0.524144 0.055727 0.050844
0 0.053139 0.711374 0.106278 0.294714
0 0.239660 0.594115 0.036638 0.074787
0 0.192858 0.617446 0.061082 0.129333
0 0.137217 0.660613 0.127037 0.222275
0 0.553998 0.668843 0.075571 0.254806
3 0.478143 0.697564 0.076513 0.161488
0 0.484598 0.653763 0.055262 0.227190
0 0.641420 0.671178 0.110543 0.230222
3 0.550717 0.733030 0.075632 0.187483
0 0.318011 0.733607 0.127397 0.377083
3 0.670286 0.706570 0.073658 0.169796
5 0.248904 0.498869 0.019000 0.040137
3 0.337602 0.968604 0.091912 0.061547
3 0.353074 0.862667 0.070159 0.156863
3 0.063667 0.667194 0.043258 0.016975
5 0.873114 0.533964 0.015972 0.038272
5 0.925111 0.537513 0.023090 0.035494
5 0.977430 0.535540 0.034226 0.039242