5 0.849106 0.131176 0.047535 0.049171
4 0.640522 0.114472 0.043326 0.228246
3 0.452792 0.297353 0.078109 0.158615
3 0.315300 0.447298 0.070714 0.166077
0 0.160068 0.309343 0.067871 0.292799
0 0.466755 0.217946 0.053993 0.152077
0 0.625127 0.270227 0.115077 0.230430
0 0.936340 0.182657 0.025925 0.096838
3 0.526267 0.331408 0.079029 0.189645
0 0.923924 0.178917 0.022177 0.090380
0 0.262002 0.327493 0.159202 0.380253
3 0.655459 0.302249 0.076636 0.170298
0 0.888040 0.176022 0.024144 0.097311
3 0.094231 0.262765 0.130208 0.226852
3 0.178505 0.635836 0.262731 0.240741
3 0.019548 0.313511 0.039095 0.077778
3 0.339356 0.251937 0.028646 0.058333
5 0.956543 0.135270 0.032813 0.045370
0 0.980501 0.195455 0.019271 0.036111