2 0.859175 0.567543 0.030640 0.100987
2 0.698855 0.533740 0.026018 0.094859
2 0.532866 0.555190 0.098880 0.049138
2 0.577759 0.530457 0.016444 0.021567
2 0.541919 0.628435 0.130578 0.157647
2 0.467930 0.514959 0.026013 0.037522
0 0.622091 0.530363 0.037273 0.131343
0 0.655201 0.473886 0.012327 0.022262
0 0.675479 0.496109 0.022906 0.065897
0 0.779242 0.528100 0.016530 0.046430
0 0.748998 0.531884 0.014380 0.050100
0 0.776696 0.574393 0.020364 0.079323
0 0.601644 0.486543 0.019822 0.047117
0 0.825503 0.556030 0.023459 0.081073
0 0.698691 0.533261 0.026425 0.094981
0 0.726334 0.541005 0.034558 0.119412
0 0.859026 0.567371 0.031359 0.102095
3 0.842821 0.579336 0.015418 0.052877