0 0.747984 0.247515 0.021913 0.080415
0 0.463537 0.267312 0.012615 0.087708
0 0.478174 0.272351 0.010932 0.079930
0 0.638525 0.244281 0.019204 0.060304
0 0.875135 0.383772 0.027899 0.150441
0 0.623017 0.318917 0.029366 0.134745
0 0.986107 0.377032 0.026672 0.233726
0 0.802405 0.372798 0.030120 0.128671
0 0.505111 0.259540 0.018119 0.088916
0 0.773872 0.284646 0.026451 0.127515
0 0.655989 0.314009 0.025550 0.164954
8 0.203486 0.131584 0.017867 0.069259
0 0.701829 0.322236 0.049245 0.182662
0 0.836906 0.343795 0.029395 0.206631
2 0.547911 0.667444 0.085327 0.149811
0 0.634365 0.335156 0.022755 0.115965
9 0.709695 0.353432 0.053005 0.083579
0 0.751869 0.318198 0.017515 0.052442