0 0.352430 0.207750 0.011891 0.119793
0 0.473182 0.282206 0.018242 0.112871
0 0.468568 0.245041 0.024707 0.158380
0 0.553566 0.203039 0.023284 0.076983
0 0.635845 0.266354 0.014468 0.044926
0 0.908907 0.455434 0.025714 0.153154
0 0.558673 0.262583 0.024135 0.070988
0 0.985932 0.448818 0.027087 0.277304
0 0.646619 0.289171 0.019767 0.105434
0 0.320200 0.221047 0.014769 0.085656
0 0.401470 0.233764 0.036611 0.154631
0 0.937141 0.419896 0.056311 0.268605
0 0.340063 0.214796 0.036441 0.155715
0 0.448167 0.262592 0.031213 0.139530
0 0.609855 0.262302 0.029272 0.140193
0 0.848718 0.382016 0.048564 0.235126
0 0.795981 0.359091 0.051286 0.221750
0 0.507850 0.245047 0.038811 0.141650
0 0.729469 0.328457 0.054296 0.235256
9 0.534572 0.292675 0.056713 0.107510
2 0.737252 0.960779 0.117873 0.077552