3 0.750211 0.529664 0.025518 0.055376
0 0.733025 0.508090 0.022955 0.077715
0 0.651227 0.468730 0.021421 0.059537
0 0.802119 0.512181 0.025906 0.067168
0 0.628041 0.460230 0.020558 0.066758
0 0.796308 0.494518 0.014356 0.032690
0 0.556840 0.431971 0.018043 0.046247
0 0.614846 0.482757 0.030984 0.124666
0 0.546474 0.461882 0.021612 0.077364
0 0.796244 0.550680 0.020114 0.073044
0 0.770766 0.523381 0.025853 0.098460
0 0.578423 0.479447 0.031229 0.086038
0 0.686791 0.487621 0.063781 0.218326
0 0.517707 0.450746 0.029423 0.083868
2 0.445136 0.552900 0.102995 0.149736
2 0.473739 0.490367 0.017547 0.019153
2 0.491090 0.478433 0.016112 0.022214
2 0.382331 0.459586 0.028700 0.052767
2 0.451861 0.576071 0.126892 0.162303