6 0.349666 0.324718 0.044535 0.071748
6 0.380017 0.334281 0.020579 0.030823
6 0.392839 0.333751 0.020774 0.031315
5 0.301030 0.439223 0.026630 0.095604
8 0.143543 0.206100 0.071339 0.339214
6 0.446535 0.336009 0.027724 0.037329
5 0.410794 0.342423 0.007654 0.027180
9 0.217931 0.351366 0.013675 0.032502
5 0.253793 0.342351 0.014159 0.029120
0 0.529681 0.356514 0.020631 0.100010
0 0.500857 0.362912 0.022602 0.091818
0 0.299248 0.390726 0.034049 0.141282
6 0.483178 0.231067 0.041016 0.210648
4 0.414994 0.306032 0.008213 0.018162