3 0.847912 0.417226 0.017023 0.072427
2 0.593929 0.394924 0.012564 0.038159
2 0.577644 0.402456 0.018552 0.022162
0 0.633592 0.333929 0.018285 0.028483
0 0.783184 0.386041 0.024350 0.107810
0 0.681270 0.334499 0.019245 0.061272
0 0.795407 0.402979 0.018480 0.083130
0 0.744082 0.344786 0.028454 0.064762
0 0.656141 0.337106 0.049548 0.136569
0 0.861703 0.396181 0.026484 0.129899
0 0.723260 0.367575 0.040327 0.125779
2 0.546680 0.412008 0.099771 0.039197
2 0.558170 0.489446 0.130342 0.155004
2 0.486471 0.390508 0.034508 0.049634