6 0.253965 0.420675 0.049753 0.088949
6 0.608637 0.528035 0.155527 0.095900
6 0.948981 0.551680 0.101389 0.078907
6 0.561398 0.589958 0.190456 0.263313
6 0.783507 0.538252 0.172289 0.088049
6 0.375445 0.447398 0.030290 0.046928
6 0.485122 0.521239 0.095416 0.147940
6 0.302150 0.453896 0.100090 0.079875
8 0.360503 0.405276 0.008497 0.050989
8 0.104372 0.237715 0.093978 0.412290
5 0.402774 0.449156 0.005613 0.014479
0 0.404197 0.442498 0.007559 0.024838
0 0.487211 0.441173 0.012995 0.024906
8 0.409007 0.411370 0.014938 0.068436
8 0.333688 0.385061 0.019837 0.086497
8 0.271655 0.318643 0.041041 0.121647
8 0.450506 0.342363 0.041055 0.230105
8 0.416644 0.406825 0.019327 0.087353
0 0.447964 0.479502 0.021534 0.089115
8 0.348704 0.398519 0.015499 0.070615
0 0.433625 0.455404 0.010153 0.048508
4 0.321377 0.327216 0.039595 0.045534