5 0.540162 0.342964 0.011146 0.031033
0 0.613747 0.392939 0.031271 0.144522
0 0.806762 0.372199 0.016875 0.059435
0 0.840992 0.428399 0.014969 0.065548
2 0.500080 0.671884 0.049966 0.121370
0 0.992008 0.506643 0.015030 0.128437
0 0.774217 0.383100 0.024826 0.086712
9 0.765778 0.467596 0.061012 0.113909
0 0.631266 0.378517 0.023683 0.087542
0 0.698449 0.430312 0.035552 0.156675
0 0.971747 0.497493 0.030624 0.146521
0 0.802569 0.430039 0.025890 0.135778
0 0.683956 0.411961 0.037335 0.171422
0 0.594220 0.387135 0.025813 0.137698
8 0.280297 0.150180 0.020760 0.065398