5 0.293102 0.400502 0.005213 0.015365
5 0.422231 0.397438 0.005569 0.018760
5 0.232591 0.404819 0.008992 0.025012
6 0.457916 0.388863 0.017835 0.018326
6 0.335767 0.394484 0.013327 0.022524
6 0.385679 0.394657 0.026142 0.036253
6 0.400552 0.389856 0.018182 0.033705
6 0.317460 0.394988 0.020527 0.033560
8 0.161027 0.310051 0.029161 0.249151
8 0.427765 0.316763 0.037145 0.191933
6 0.358056 0.382601 0.018030 0.047449
9 0.219046 0.412021 0.010699 0.025882
0 0.475055 0.407946 0.020297 0.101187
0 0.433201 0.415900 0.024131 0.092716
0 0.293283 0.391004 0.006563 0.019363
4 0.372350 0.366349 0.006280 0.012251