0 0.900217 0.299390 0.018096 0.074714
0 0.644999 0.270946 0.024146 0.052136
0 0.953152 0.294545 0.023722 0.092197
0 0.588331 0.267899 0.015298 0.060040
9 0.874259 0.370820 0.043228 0.109351
0 0.976037 0.409163 0.034370 0.134887
0 0.579238 0.320655 0.026040 0.121186
0 0.881957 0.276275 0.022948 0.080381
2 0.586449 0.640210 0.041840 0.117122
0 0.616933 0.319652 0.031549 0.134711
0 0.684937 0.335012 0.025712 0.129024
0 0.835819 0.354717 0.032460 0.172059
0 0.642912 0.326130 0.025047 0.131757
0 0.763264 0.358294 0.029297 0.125403
0 0.528398 0.304263 0.026193 0.124719
0 0.716753 0.331465 0.028614 0.155094
0 0.931159 0.368649 0.043704 0.191461
8 0.354773 0.183677 0.017679 0.065947
0 0.796191 0.338547 0.038368 0.183128
0 0.515760 0.326373 0.020708 0.071397
0 0.259098 0.252327 0.013889 0.021605