0 0.972995 0.236958 0.015068 0.045011
0 0.915746 0.259005 0.040638 0.143625
0 0.896615 0.265498 0.020757 0.107134
0 0.855980 0.211880 0.016202 0.060283
0 0.805668 0.226741 0.022299 0.090207
0 0.774913 0.197013 0.050526 0.136630
0 0.935615 0.258681 0.066579 0.183816
0 0.743837 0.195481 0.016530 0.040691
0 0.839454 0.239882 0.023677 0.097535
2 0.690018 0.262170 0.023524 0.037100
2 0.651490 0.259801 0.096208 0.046560
2 0.705625 0.241987 0.014572 0.023026
2 0.666497 0.336171 0.135836 0.165993
2 0.594161 0.227254 0.035543 0.041332