8 0.106971 0.101740 0.019129 0.072147
0 0.569029 0.685584 0.070930 0.153530
0 0.461232 0.234075 0.019922 0.076390
0 0.865418 0.297651 0.034444 0.093890
0 0.670753 0.204435 0.021487 0.068014
0 0.664617 0.255095 0.033253 0.060904
0 0.590008 0.269177 0.034912 0.173615
0 0.787041 0.284114 0.023915 0.188680
0 0.962294 0.331698 0.055700 0.249299
0 0.655435 0.201109 0.019201 0.078044
0 0.906465 0.319890 0.047129 0.230630
0 0.891198 0.276314 0.032234 0.173092
0 0.828132 0.267783 0.039378 0.146796
0 0.767711 0.294356 0.036352 0.204280
0 0.414137 0.230823 0.018312 0.104364
0 0.542983 0.277444 0.034309 0.137425
0 0.709869 0.287335 0.077941 0.207160
9 0.631027 0.293685 0.052988 0.102009
2 0.569036 0.685553 0.070462 0.153389