9 0.261059 0.617800 0.044207 0.094851
0 0.184293 0.617285 0.031358 0.138394
0 0.169608 0.646638 0.031848 0.115481
0 0.113444 0.681124 0.028896 0.103067
0 0.457789 0.545948 0.025413 0.159575
0 0.561019 0.486299 0.053355 0.256446
0 0.354432 0.562343 0.034745 0.163515
0 0.141139 0.645740 0.039438 0.142516
0 0.388539 0.564685 0.074272 0.241854
0 0.424420 0.537009 0.034664 0.185566
0 0.515549 0.540825 0.059989 0.249133
0 0.439112 0.542403 0.033048 0.172616
0 0.472831 0.524511 0.032903 0.203762
0 0.827179 0.417292 0.070301 0.324895