0 0.803557 0.398298 0.019143 0.082457
2 0.802314 0.743646 0.169029 0.299319
2 0.469583 0.547648 0.191895 0.507193
0 0.981400 0.438543 0.022846 0.125681
2 0.925572 0.736050 0.147640 0.262141
0 0.844668 0.388004 0.018154 0.088674
0 0.253384 0.278366 0.016074 0.073393
2 0.837476 0.480360 0.057928 0.099236
0 0.216702 0.279372 0.021887 0.061018
2 0.287459 0.345162 0.046716 0.066907
0 0.368023 0.302211 0.019446 0.083002
0 0.867178 0.408941 0.011679 0.109989
0 0.881698 0.394350 0.017361 0.080808
0 0.135304 0.275350 0.024139 0.101409