0 0.987514 0.191505 0.024170 0.051999
2 0.023231 0.580819 0.023459 0.036722
0 0.970999 0.191126 0.029778 0.051142
0 0.725586 0.229938 0.012134 0.022503
0 0.224678 0.310271 0.010545 0.026562
0 0.421870 0.302654 0.009569 0.018402
0 0.516674 0.264127 0.023527 0.065215
0 0.170323 0.306456 0.015083 0.044585
0 0.150836 0.325832 0.012173 0.018915
2 0.146925 0.653836 0.031786 0.048497
0 0.865075 0.185123 0.023103 0.076620
0 0.215019 0.305485 0.013131 0.035732
2 0.752900 0.841932 0.043461 0.069595
0 0.906264 0.191843 0.026533 0.055781
0 0.504999 0.279601 0.017510 0.043757