0 0.248411 0.461067 0.008174 0.022220
0 0.644160 0.368698 0.010181 0.033201
0 0.638135 0.364398 0.009770 0.047196
2 0.427755 0.396426 0.025694 0.035867
0 0.228711 0.464321 0.007174 0.025134
0 0.943579 0.322530 0.020708 0.045542
0 0.966333 0.317323 0.018668 0.054185
0 0.953001 0.319622 0.014867 0.048745
0 0.766609 0.340075 0.012410 0.043542
0 0.316420 0.443215 0.012263 0.049339
0 0.739697 0.356839 0.010156 0.018977
2 0.096994 0.819898 0.032710 0.056891
2 0.729589 0.957659 0.029867 0.082919
0 0.209706 0.463684 0.014159 0.028859
0 0.296059 0.448857 0.012009 0.041650
0 0.274061 0.449160 0.010802 0.043910
0 0.857780 0.330168 0.015676 0.038657
0 0.903866 0.311611 0.023072 0.068254
0 0.824814 0.334505 0.012026 0.049526