2 0.880031 0.545402 0.062592 0.045437
2 0.382799 0.391600 0.058069 0.072355
2 0.828525 0.532222 0.069500 0.104492
2 0.641413 0.628236 0.158151 0.494268
2 0.770894 0.680540 0.095982 0.203069
2 0.725917 0.553219 0.080084 0.272348
0 0.724330 0.382496 0.016330 0.038196
0 0.408309 0.329650 0.019226 0.070969
0 0.804946 0.405826 0.028157 0.041668
0 0.787075 0.387717 0.018404 0.061196
0 0.388587 0.333413 0.020830 0.065965
0 0.033917 0.267665 0.023471 0.060910
0 0.203445 0.299051 0.024249 0.074168
0 0.121730 0.280279 0.025084 0.086978
0 0.436335 0.342486 0.020548 0.094729
0 0.679155 0.401632 0.021849 0.086757
0 0.949285 0.644057 0.100208 0.709839
8 0.746681 0.329071 0.015547 0.083472