0 0.941398 0.152678 0.011671 0.048872
0 0.930928 0.154448 0.011158 0.044515
0 0.920159 0.152856 0.022134 0.049970
0 0.961050 0.153643 0.014168 0.044441
0 0.952064 0.153674 0.016048 0.046373
0 0.847327 0.168958 0.015622 0.029585
0 0.974324 0.149699 0.016610 0.050122
0 0.463122 0.259152 0.018519 0.043006
0 0.230125 0.286774 0.011739 0.043307
0 0.861848 0.152576 0.020091 0.058261
0 0.507149 0.234313 0.029471 0.072147
0 0.714619 0.187259 0.011796 0.033458
0 0.740972 0.186898 0.014114 0.024771
0 0.208156 0.292504 0.012780 0.038371
0 0.791515 0.154546 0.016231 0.073684
0 0.539041 0.236640 0.020265 0.050138
0 0.179766 0.289337 0.020085 0.052304
2 0.102951 0.654897 0.033095 0.051177
2 0.713535 0.803728 0.043075 0.073133
0 0.557542 0.229479 0.016204 0.037551