2 0.396086 0.258073 0.021790 0.083362
2 0.594907 0.361957 0.057475 0.072382
2 0.488741 0.629365 0.324568 0.418089
2 0.922867 0.714275 0.083732 0.300266
2 0.263216 0.291382 0.042842 0.067973
0 0.633889 0.307550 0.019091 0.068928
0 0.597809 0.293610 0.017234 0.080315
0 0.616500 0.299021 0.016922 0.067381
0 0.460738 0.277263 0.026862 0.085187
0 0.586245 0.288860 0.017113 0.079577
0 0.967758 0.381315 0.026978 0.118106
8 0.980667 0.296977 0.016739 0.088259
0 0.396049 0.258291 0.021704 0.083468
0 0.227242 0.230460 0.009177 0.059965
0 0.182599 0.228475 0.015377 0.045414
0 0.216205 0.229578 0.012649 0.060406
0 0.110779 0.221923 0.012708 0.089630
0 0.093696 0.222109 0.014792 0.087778
0 0.046568 0.217981 0.011574 0.081962